shoulder_pan_joint: 0.40960574676343686
shoulder_lift_joint: -1.6747645009139471
elbow_joint: -2.401686248302344
wrist_1_joint: 0.9661313426465519
wrist_2_joint: 1.1646508483476774
wrist_3_joint: -3.1578720449159454
